CNPJ,Razão Social,Nome Fantasia,Telefone,Email, CEP
12.473.742/0001-13,Sol Forte,Sol Forte LTDA,21982079903,atendimentosolforte.com,84043-150
214.004.920-92,Sol Brilhante,,(21) 8207-9902,atendimento@soleterno.com,57071-186
22783-115,Sol Energia,Sol Energia LTDA,,atendimento@solenergia.com,12900-303